983701349227171840
983420106623295528
983048120122355732
982553877628985345
981822024269832223
980689470141632532
978823762998886470
977543825490870292
977393731349139486
976726779119153152
976483718392852510
976291068012277830
976010940355063869
975622381580206120
975208506753941524
974618958256824390
973623127663841331
970403844129456148
970282346169376768
970262658957844542
970121598176739369
969713964382568478
969666637567504404
969577992034594836
969200881746710559
968670298742358036
968261564719317022
967682196418744321
967450946353381417
967336089293582377
966580391328776253
966509936433569802
966329943355195403
965632115280592966
965578941924520006
964876940379041794
964752128822378506
964685080981278720
964593185680658513
963400705299869816
963279156404166656
963107162215837726
961845108049858560
961462757717332018
961119460670996530
958979582009163786
958458729320312962
958377828502626316
957957921914912798
957094388046118912
956961561233227836
955449908071137330
953234441545875506
951713137755828234
951640681594626109
950846821037670490
950421346796597278
950301510410051634
950129039228682290
949643144859889735
949280497241051166
948983482393165834
948556900881031208
948518850494861323
946671836861722624
946560517923823616
945858895367266344
944351619779280896
943811968836452372
943393781875605555
942828478955421756
942370033751978004
942188048458870854
941709217222508564
941171755744112673
940573727404462140
939408601926205451
939182691679629422
938963187326418975
938790191974453259
938422302096392215
938117177255546930
938103937469411388
938008867164528730
937214969760612353
936687873275609099
936564212191359006
935855938403975228
935854926561689690
935760218997006346
935537011161460786
935193017642549298
934931365382742037
934792084995596350
934427926177394719
934230581405966387
933613331967770635
933248558625357844
932045685480648774
931762909040771104
931276476609871933
931255156694188082
930849543396941954
930517865210196029
930132044976119808
929837381954187345
929412624125423637
929065818371797022
928851382532993074
928777961761566800
928410123737645118
927186376699555942
926882546824925224
925649466286014496
925593915011260446
925158812397236234
925010858508161075
924979577179230228
924330409880350780
923955329530724383
923223979278352424
922928964593418240
922646756355874857
922474297132449863
922141979897389106
922063608865779753
921332328846991382
920884302986752010
920337421583913001
919885195635740682
919787054714454096
919482199764512769
919473417474936832
919379417577435198
918811711950168066
918491047376597022
918111142939885578
917032281833631784
916979390238302239
916638373345644604
916395441191518258
916035149223825471
915849186971353089
915425637823553556
912431450501050429
912058881063141447
910263177256792135
910110640893472800
909390650204647495
909255333929697311
908987528856633365
908629059938959370
908545741641879585
908499330200133663
907201377615364097
906857459086409778
904230781499605023
903217220589596683
902683162650476584
901665800400797726
901621767506919495
901147920970186822
901126369860276244
901034108925411329
900363514584129598
899894115582509086
899298261247094805
899084448484716595
898927028697440298
898758255415812137
898559695973908552
898365334766096385
896974855084343327
896795735763345428
896373236168785971
895795765862080512
895711450562199613
893622400904740877
893609848535654400
893371790485766204
892644207813075014
892430601783767071
891823189716504646
891192026069086238
890970466720829510
890931149726167072
890340957776654376
890151790400647248
889747335989579797
889563354597847111
889182435911274506
888883446657720331
888730963385913395
888541865782181898
888008193786130462
887777685198213171
886980276121657394
886844194088423424
886789748839030834
886508507644444702
885103434469089290
884591209526460476
883184312550293514
882250513138196550
882025964723400704
881858334473461860
881835688889290792
881605977181401100
881538110599610438
881003835739496498
880418298523680798
880077805965160458
878818887448264794
878491052179329115
878195279193600010
877761782373040179
877082544078725140
876963991979708456
876767670815576064
876703884784062505
876458529874116628
875967130883997707
875778995747184793
875325765993005066
874677087296946197
874506583487438858
873915544032665612
873913066356637747
873843469133701120
873839378831638560
873771236201738271
873248777476137031
872454780428111902
872433880022515732
872353362417442886
871916538268106754
871116318403887144
870597703468457986
870137398305095760
870106892997894145
869885341513969684
869846941486428170
869615544993734657
869564667616432228
869267038567280651
869035340592189511
868854037821394955
868166146581463040
868165416789360671
868122332638617650
868094666694873128
867423168792494164
866557419571773461
865768143271886849
865703623609286656
865212491906023487
864748017726259231
864703696335536188
863315261158588416
863307948334645279
862949330948325377
862875571653574666
862395192149803019
861489084014788628
861487302482853888
860822789106565140
860469607176208394
860150754919710720
859792275974520872
859745387887067157
859454176840122399
859223557691015168
858969163284348939
858896136575123498
858299429450809404
857879959606132758
856242335000428604
856082282813456394
855847923245645924
855519644139257896
855447232806649896
854217955708895233
854011667205193728
853580954295992340
853480525808009226
853353819484192799
852908571653832706
852757908516110398
852707931832451093
852590074851098644
852483454511218698
852214850364244018
852204340717551626
852053032237006858
851318190205567006
849248983138041857
849161623566417940
848923816142307398
848621621425995786
848479855007236096
848428485118525480
848391197399449611
848015056344186880
847663747106734121
846556298510336003
846535779610001458
846470373548621834
846370949292621855
846340010541973564
846241309354491966
845696322225045514
843458733169442837
843278159943958587
843042845388046356
842535525382225942
842412052127285258
842133569778483281
841881184757350442
840624810157539368
840013329899847680
839955912113258517
839719331033382952
839695955111968818
838336668989390848
837576179472531476
836101662388387860
835839025653743617
835162344475721780
834791334224068619
834483042051424327
834207410121474058
834112732709650473
834006400475987970
833869716505886780
833743345569890326
833471056927784990
832773094543589397
832655704271487029
832206961000185867
832002501036998658
831457556743454780
831386622808555520
830850276423499787
830679586772877312
830085123168534529
830013666744467457
829455953018617926
828735893199913020
828687397473747045
828508110091190293
828428635618672691
826658762026516500
826338679504633887
826136605165092915
826039901257859102
825326953812328448
824975374206631966
824528521649061899
823958082559410176
823949299355222026
821587225396510720
821342897370431509
820971266918973480
820832534250258432
820778264166662185
820563826499649547
820527015878852620
820295893060288573
820220874023764008
820015513806962728
819964271315255296
819929006228504607
819513063132364831
818744215289987083
818708684816384031
818363839208488981
818096294890962945
817767041699807253
817348973466877962
817218085832228874
817211885454884884
817001057334591500
816208056026660874
815989464958238721
815293242991837264
815163890342166530
813594125336576020
813593892800299018
812703029597962240
812233353868214283
811915040377667594
811637450136354818
811482536671969290
811439024471408730
811110034758041631
810919554782855188
810833846580019240
810781708903120896
810675351944298496
810550925814399047
810422692981112873
810198129575591996
810139474423709697
809857752393580554
809163769694650398
809157587677347901
808964323652927518
808931828294615051
808582153104261140
808355935184879626
808326838622355504
807915026391891978
807651828321746974
807545964260098059
807454422329196545
806894346875306064
806713022038540288
806616907662753815
806425057319583764
805733220415045633
805417876307312700
805244299938889729
805240791395860481
805111791569862666
805021069022855190
804951979327619092
804620855007117323
804598346580230156
804587525321654282
804375168700121148
803534118993526784
803505638789218354
803470891056234497
803283980941787197
802782149211193386
802550768866689034
802320968478490645
801478326903898163
800720771404136518
800530241730117652
800364302732099594
800141991261503559
798507874489204736
797761507630252072
797265553487429702
797149299393429504
796352130675769344
796252102938460210
796192808197160971
795517950609719326
795263191206330400
795191160111890442
794841540383080458
794522438250659871
794286643611566100
793381406981619733
793066795677253652
792770238319296563
791148195379544084
791028337577295914
790806926316666911
789690136740757504
789628965312528404
788592057986973726
788071530504519692
787161684132757515
786753260480495657
785946629689573396
785848466131255297
785796018011635723
785522852521967617
785147616701710357
784583040721616936
784501510540492802
782943134665146398
782625792630587442
782593088333021204
782145067656937485
782024523389206549
781506088079196230
781352013526466582
781207204786995261
781007181951533066
780738147277471785
780641965347176468
780588130264678431
780330452379500545
780172064182763581
780076745486630922
779941403052212224
779922183409500240
779280401369792532
779179607911956481
779174798868611123
778935807050252328
778931429055660063
778658748922462218
777880015999729724
777756076812271646
777156066957852683
775640299971149846
775327281505632267
775252305486151690
775186443945377802
775006222344388638
774218659421224980
774141736750546945
772744848616063026
772493405979803649
771856311540777030
771155927440031775
770625998956920843
770140376119902208
770105751434952705
769896139603968010
769843766718103552
769617041119510568
769609737217900584
769176607432245258
768663274610229309
768550866399526912
767777568048545792
767487561118646325
767030749383622697
766981819970486273
766777898556063754
766594633945448458
766194951444758548
765971710168006668
765873812147142676
764793934631141396
764558045761241118
764317628130525196
763892308096974909
763749612480626729
763646788812275732
762875641322012672
762322016665075712
762262128312320021
762222141210624002
761871782352388106
761602981174575166
761229845614821396
760615577752043542
760020521349283891
759433240116199434
759360966898745368
759063743409160192
758975607508828173
758717502913773579
758345274337919006
757943936361824277
757709027047374930
757132037357436938
756883801396740157
756560404741750815
756137813359198372
755653233682415636
754546244155605104
754416234103046155
753494865601364061
753426369438023851
753269551772336160
752344808382529636
752106568480456745
752007798598008886
751428233555214367
751425750397354037
751300640508215407
751066198594027550
750792126023073973
750789212667904041
750701441856831531
750415326772068396
750170691940384808
749927065209536583
749636283252342804
749627824087892009
749585841923293215
749367129039437855
749273318909018194
749227724442435695
748721531831713924
748630229374730250
748509667210166332
748014206728536187
748008574747148308
747787643361951864
747782495713493123
747366880913784923
747345225873096707
746631349376385076
746250111742509086
746184656243916822
745667271338360933
744837636060872724
744378668054347798
743312468801224774
742809064823718029
741832630152200285
741213284874584094
740982892099928178
740847049196568588
740118094571241555
739158737771823146
738765207622647858
738666272509919273
738569412075847682
737348884409483418
736534662876364811
735835004113780797
735650330930577471
734736769605697567
734697906249924628
734473982547329085
732495225959743530
732489325274464257
732069474257076234
732058007843897344
731847429997068341
731358269066444884
730113177475481632
730059138650079323
729429221927157811
728899145619734528
728405761566179399
728182049260961823
727589932289491034
726857741011910737
726773338793443361
726598494516805662
726516482451963956
726189527256924220
725981337697255466
724969592962809926
724910976910229567
724690471326318694
723807067789459507
722949584552198195
722350510891466793
720457363014025308
720417182256988172
719617777559928944
718437899368005652
718354483456770109
718199595515117630
717403161727336501
716980179494240297
716731692152389673
716051972238606467
714940795425259581
714406548784283668
713790438980714538
713638421301821451
713415970915483740
713363649825341501
712687823249211443
711937759178260532
711628410535018636
711282509316489227
711143943945060402
710248975852372018
710190611906691073
709813589967372419
709578626840002561
709300768120766517
709235351692115998
707552748819841097
707269858097627217
706181425665409145
706165944971427862
706142390586703922
706109862102433862
705505875879788554
705349038555398174
704505452750438460
703591881313091596
703188523976753262
702368029354491985
701689829175459930
701270209289519145
700153000190148639
699532777590095912
699420664502812722
699275079938342983
698515791624011826
697790964407730196
696369234942623794
695172709927354388
694514094971158529
693833207774445629
693048583892762645
692977019486732308
692338049324941354
692296373764096030
691668412312584194
690930367795822653
690880299143397398
690655327888212108
689832977932353802
689651922437013525
689225336466178094
689092031343099919
688888900520771695
688765523651067958
688098055047610368
687991556329832453
687527729792417815
686682255724380256
686008218073301008
683583621957025822
683528570231980073
682614848332496928
682545496513839156
681367441632264202
681033759256084531
680883996388753494
680096932621844629
679007340485410848
678040786784223262
677198050673819675
674381707415257092
674334729532604426
674277214954717247
673848065903427604
672857930927964170
672027326934155268
671853029217271838
670368360260960277
669575353823395870
667499494480412673
665351638164308005
665000001164017666
662998782979342337
662695624772288534
661406437523849226
661378124201852928
661017362572509197
660862030479360010
660732851024691220
659546120325824538
659515386353549321
658337669595791380
658036497013932042
656167022157234189
655167234699689985
650389031942750238
650079000374542377
649443937773158400
649278672850649118
645571363658137611
642948987896463360
640448279569498132
638304901587271700
635229952026869771
632942086290931767
632793537393590293
630787543935352833
630507807506038784
629454110017454137
628856133574066176
627193334200401920
627158351825862670
627089775647784971
626850769282269197
626842826860134401
625076364248350720
624634349173604353
622029880741068801
621015676320219156
619578558507122718
619414943628001290
617720518971228205
614244797921886208
613193884276883479
612887386812186635
610274208500416550
609728045661683712
608869748888829964
608603256670650368
606810323692814336
605492725516861441
604916010604298266
604780497293279242
604230239240847360
603493030703661062
602825288250032153
602265460750417930
601442564503109645
599915902519083010
599897462349758464
599828618423697408
598378155274797088
596171282664521759
592286569977741325
591776721410457666
591691422730551326
590940817405902886
589394821081464842
589354267119321093
586885238274261002
585213989953339392
584506248599306240
584020329777594382
582901341211328512
581807500131827719
581552433977753600
581316845802487819
580512330417176626
576769135065825306
575293916627337216
575038364865134592
569341070060814338
568946929879482388
568287704815501312
565533288534638604
563904462314536961
563037774668627968
562490615095361537
562331748806033419
562277545698131968
561222474839359500
558761691656224808
558028798482710540
557614473196601356
557353975070982175
555671378964119552
554349116461678595
552547177210052623
551821617970544671
551711366218776596
550708272756162573
549159316683489290
548845355572396072
548416917153513472
547464692872773647
546490105469337647
544830808293376011
542870077968482304
541401942199369728
541053504463306795
540838325058273281
540647479331389441
540201517538476033
537490934238019595
535887292800303114
535704379244806144
535670192760422410
534859473496309771
533664214070329345
532289992043790347
531234162858917908
530849491910262811
529644716598231052
528573472260096021
528291510895116310
528068369040277526
527868527705587715
525128658885541900
523123829099462671
521290523768782868
520803978569842688
519611924913324043
519201839259058199
518386248881143819
516560378801553429
515957909578842123
512356896296927252
512330086393970699
512121799862124564
507879516408905741
502165162006937603
497271329448525824
497131375246442507
496306711582343168
495564143613444097
495449335740497921
494507554655961118
493530838844047387
489219843216637962
487134510073511946
485905891581886473
478978956826116107
477965520826793995
475990874078314516
475777466028523537
475762728720400404
473649482706452480
473079257552388097
471640895930761216
470491935648382987
467183808152862730
466075100232417295
465370743010754560
465115740199059456
463731334368591892
463432866307506186
463346822254034965
459514170711474178
456397665438138379
454292297681731605
453587797605875714
450340752732717067
449805066799546376
448747817951952897
448071284291797022
447603929123913738
447033488345006080
443421885053534209
442283069551149068
441235538368921600
441141104008495115
441105502307483659
433500434850643968
433116533426749445
432516347076018176
427573347665313814
425278347983978496
423337219063939082
419951513398411264
416754979949248523
413439719037468682
412664547493543936
411584395477123092
408291136051085322
406851852429164567
406346094574829569
404247368846934017
399145897042116608
398040917400879105
395061153341898752
393868977782128641
386577822501830658
381186744080531458
375390940199649280
374333013422506005
372208131796762624
365201463527604225
363290923423105024
362095075502718977
355774793670328321
353251781284724737
350974687494537217
348469602961063938
348036958959828992
344986216514584576
344539311791800322
342333529448906753
341444165990612997
340342311206518796
338769513430515732
335780883040567297
332799843623895041
332268293182324748
330750216766750722
329167438728134657
326736635553120256
325013707778162688
324483153047715861
321234253939736577
308324559302688768
302501372597633036
300949296235151371
296692914761891840
293054739883753472
292480239031025665
291996800447938561
277133445375852544
277049897474195457
270161222064668673
269099154666422272
268607623669088258
252090038177890304
251110799651766274
250545793797193728
247853668559224833
240325548453134347
239536152699207681
239377292227379200
235736974265155584
232575270010355712
231869020435906560
224566609145102342
223598546878857226
221373057862860800
212433248616316928
209797672771649537
164949739085889546
163969995762565120
135951144672428033
1380435925716439061
1380387327745986591
1380338729993896018
1380214186256109580
1380162618534133791
1379794205865672785
1379537174780837888
1379432115820822710
1379409987654385694
1379399714323169331
1379297907408375848
1378966785835012178
1378930413942210651
1378739552314986539
1378610924168155286
1378560242799087707
1378301724258861088
1378264311897653320
1378008965253697628
1377992332179279896
1377924996197912618
1377907591098662952
1377675070411116544
1377585125855985794
1377336019338400006
1376922390667460610
1376893390733709365
1376843832301322302
1376713668091449345
1376551712852017183
1376392259288957031
1376251643498074338
1376154292678819911
1375882425049288846
1375855399168639007
1375813717937361056
1375338731757895702
1375162104142630955
1375095495772602429
1375077906203541599
1375038821447766051
1374200129715965963
1374149803256315944
1374099315013976194
1373819593113604122
1373551159725523017
1373123338372907088
1372938660177252454
1372890929500786751
1372700242000085042
1372453601167020094
1372239983423000676
1372227980792696842
1372154004087242794
1371920664700911666
1371720471745269760
1370795767832514660
1370757729714704458
1370686360125444136
1369716395620831302
1369680497055371314
1369615783335956571
1369047223060398252
1368995331919974582
1368937260442980363
1368835044545663038
1368586941037019247
1368564832000938016
1368560491538157598
1368546896465100900
1368335577640079501
1368005515744907354
1367322672979120189
1367191363489370142
1366441806086275159
1366059307254153321
1365571462861164575
1365428697598918688
1365329967923331132
1365178647828496434
1364877381139038258
1364188026594660373
1364158140400009216
1364069277921050685
1363598655529160994
1363588198562791614
1363533657209438500
1363526300853211398
1362899786696757338
1362142079853264900
1362102455302754607
1361916827411939455
1361832771231940648
1361756174818480260
1361681728082546880
1361661039166619848
1360990776787603477
1360922829821968404
1360620237761941775
1360516766782197800
1360197605245849721
1360176284201779210
1359976827262865628
1359568769139085352
1359506268120940655
1359232388818796576
1359106686563909756
1358425801816539236
1358358752872497193
1358193824098160710
1358081070196723945
1357995906674196622
1357844015394979942
1357613208629805077
1357282699152457728
1356473804817305712
1356127704898076752
1356020471619129474
1355981507902312619
1355913398977564792
1355905205262221343
1355762410639589449
1355596918356443257
1355158355219579021
1354915703492317275
1354783190287384698
1354587150393278524
1354478035428184094
1354225229110579320
1353706913489092609
1353150896451748003
1352654262273839165
1351599916010705039
1351434821640917003
1351283882221240381
1350930155287089232
1350407414737797132
1350135160435380235
1349414554727350274
1349022528248483900
1348775158592176238
1348276241102536826
1348203440626597888
1347928673994674277
1347895856254287923
1347819952274538598
1347683574375252058
1347387021575983134
1347324881188032532
1346997390648807566
1345929790393155635
1345765794163720305
1345522493267378308
1344867578211991553
1344810671698739240
1344525006574587965
1344146898482892886
1343500818724425728
1343300940341579829
1343207769762693192
1342130365682159647
1341983784798654557
1341465866570825894
1340356786317819937
1340204514422034432
1339566782997987358
1339091059824922634
1338029545999040552
1337066662502862858
1336898185104330812
1336793044841660506
1335795553791119362
1335631049505509478
1335070748053868595
1334936825806061600
1334856895059722270
1334825746664787989
1334770829614911555
1334444646964658229
1334416944602025985
1333905977627512963
1333790756048998403
1333421518650343490
1333373097801420834
1333040089122607124
1333011124567801931
1332399353662275669
1331983437430657035
1331515045384945744
1330859260606681143
1330238340196339722
1330126669402345536
1329963105647726603
1329897399358849065
1329781040033693771
1329702648768761961
1329441129032323122
1329422838138146822
1329335056560291841
1328342651128381443
1328144943402713140
1328066548921008249
1327635048198963208
1327427702398910537
1327418771668996197
1327332716932497432
1326582347046326405
1326316646607884385
1326188140850843702
1325527577632178258
1325515441178677379
1325241083361497180
1325109304289661068
1325089854836707349
1325087182045581312
1324694030994378812
1324665622411608084
1324606899500486658
1324500587240230925
1323882674305372160
1323699953750507573
1322925227839328277
1322847392671993878
1322695453460009001
1322592507883946025
1322338906695274637
1322151426532573195
1321192318296002739
1320564906705289298
1320188847874768956
1319245744292757527
1318932822278410291
1318342503543472138
1318288967547748382
1317777790124429327
1317684870859980942
1317667498073788498
1317254700604854334
1317221424716316703
1316392357356376156
1314821011337646090
1314165854044291113
1313399688531279902
1313334655273009214
1312570431143673968
1312431522233581588
1312387954056101890
1312353552013725731
1311931343197700100
1311717611838636082
1311267853155958809
1311115865315475568
1310504901003968542
1310386261957279797
1310250340096016467
1310180997173870654
1309985905767088190
1309401953008353291
1309365138486460476
1309328756535595090
1309145128824213565
1308406958956744725
1307997093423484989
1307741130045128824
1307707827418304532
1307553233094574091
1307378306227634208
1306875636559777792
1306580592892182528
1306226145364283412
1305644721829580812
1305175018275344406
1304458753650720778
1304093707569467496
1304015911614943278
1303022791343214663
1302929670311907348
1302062548052606998
1301327288486461591
1301251132978364427
1301039028476317717
1300953209329811548
1300733423807107123
1300507029705592937
1299566754623655978
1299256338924437504
1299195009567817828
1298945821290532870
1297743149132943392
1297653179076444225
1296111191168516111
1296108651001675786
1295440025047269449
1295409205615923353
1295040320794267770
1295034007947575351
1294846599083855898
1294403798898315336
1293493390817759242
1292449838096580609
1292442492498739302
1292320516673372171
1292101616002138152
1291798564153856000
1291717124837998673
1290510658995224728
1289940067904655420
1289863276561174528
1289457695967019008
1288787822643384330
1288767032841470008
1288462390643527726
1288435883065999381
1287527756178919545
1287399823959527435
1286996378844926045
1286849606939967499
1286327678722375711
1285603636067565676
1285554478841335811
1285060683997909032
1284529988607021107
1284250109009465410
1284173599434866741
1283765502027628643
1283762684315176971
1283695922160603238
1282864346707525663
1282157428510556221
1281770591912853666
1281454830388514817
1281187940986257488
1281160013896880180
1280733472931184662
1280493191744852099
1280454497293963386
1279794043941027883
1279211734678245458
1279000718581305344
1278017603608117315
1276868179871793255
1274956270159527958
1273833086819369085
1273281295795093528
1273072747077173301
1272931126301691968
1272851887259127840
1272505794897772564
1272035486164058142
1271899819446894746
1270681468611596329
1270499725002412064
1269705796229267478
1269586372059070546
1269544673295204414
1269030814440489022
1268918085843423363
1268849416706457651
1267444457905586229
1267099977151418532
1267057505654014037
1266838789041553448
1266493938391584829
1264409114969374746
1264029531052965889
1263190385480437760
1263065517074419803
1261566626617098240
1261344448801931308
1260766375660752918
1260734360131207168
1260022946705965061
1259898570140815413
1259192206183366778
1259104239133921381
1258225256825360384
1257400842332668140
1256975987539972201
1256800339596804099
1256312737013825579
1256275052803002430
1255774470669598811
1255559294934319234
1255125274958237768
1254988842277011487
1254705241816043556
1254478490485657615
1254171683909275689
1254134963557761195
1254042988720558244
1253750826011328637
1253677078461812867
1253369682648502339
1253343053058539632
1253197561091850305
1252985892768055307
1252944737904758857
1252797467246854227
1251486187714248715
1250855018500849771
1250363979377803309
1249977503053774848
1249757470889476258
1249616392471449650
1249386739752108085
1249364487639928952
1248957111119904809
1248716623603437658
1248661351996330065
1247964236072620074
1247192043302817952
1246747540456472578
1245993366576042061
1245830379936419844
1245658484452757514
1245592389855350800
1245243406028898357
1244519368692338850
1243934404766597289
1243832087883153469
1243377027260874784
1243113903093846076
1242770040458055730
1242590570699034655
1242521280155226112
1242496522806100092
1242128233466433660
1242069715627544598
1241682595419263039
1241615618063728740
1241410984263024705
1241401614527500288
1241393034898440336
1241347104069128272
1241041092707618917
1240701865960800409
1240633147725578273
1239572861878800407
1239258411619586110
1239100618493399074
1238508788735148113
1237426431269539902
1236226203824951297
1236132257153155102
1235986436897902654
1235933822407802912
1235588940963250268
1235161727788912691
1234961493842329743
1234750282836217861
1234234571026071627
1234223643467317331
1233824230597197918
1232988788444368988
1232849580798771305
1232497661924610079
1232276682094805074
1232039187268505654
1231669769950859384
1231305389849710755
1231179447684694047
1231140275355914320
1231006325773963359
1230925646595887154
1230882488616878173
1230850945416433767
1230799637276004373
1230323363147153519
1230247408135311432
1230209038252507246
1229907436090032188
1228761981016739874
1228318700709347359
1227998520376561666
1227963643120058369
1227629417975648296
1227573335366303776
1227452091518156800
1227210163400871968
1226921029889294478
1226845559424548885
1226569277423878216
1225528159626067979
1224919717635035149
1224644650971824170
1224586754980315208
1223564449282265188
1223524433524949034
1223013262770307159
1222976874389704825
1222551696232681472
1222103913684144168
1221594370332037293
1221315435073634339
1221072733866037250
1220996265123254355
1220835355033469008
1219935540779024394
1219207977148350467
1218855164748763178
1218296884813103316
1217843406198538353
1217373973617053700
1217005905514729543
1216946392879071324
1216788553057570908
1216609528376856623
1216365189499326484
1215513511464275978
1213410571148333098
1213069953650130945
1211761775796551802
1211659573308432385
1211465763894984808
1211296823554342933
1211232755669532692
1211207537441898526
1211196298468794504
1210989807778537566
1210276951508652032
1209982780130463744
1209502214385700898
1209292614520668190
1208905706007429151
1208752462706778192
1208567524040376432
1208536548300169247
1208081293137412128
1207485036299817022
1205890352192557137
1205707828099022899
1205525312725717084
1205336732569182229
1204156340562567222
1203437774791905320
1202942230537441342
1202590170285608960
1202553741408993291
1202316879432265729
1201775379585695826
1201583824128180326
1201467009024655380
1200989341594435615
1200470730274508823
1199294051384578048
1199238122374955031
1199096244748943412
1198702626846544024
1198634133103063120
1198521226646265909
1198334319941402694
1198282487990861924
1197876178606899351
1197766247434166322
1197725020269588542
1195753458964377691
1195021166876819593
1194952225026474045
1194264894283985007
1193182521148579913
1193013447470895187
1193011462600392764
1192552863298228244
1192437649361875066
1191507748815380520
1191395330286178314
1190626991112736952
1190411889088409740
1190205286930198539
1190198687872335913
1189779641569906811
1189671344636448812
1189097636830121995
1187466398943936563
1186876172429181010
1186432815198392400
1186306157338431684
1185719274627666002
1185331621956689960
1185098373150289931
1184828326167203840
1184678552411574336
1184510338721386586
1184408695459823649
1184046058360279100
1184018227123204116
1183642912056160300
1183020442974441523
1182336502047453364
1182035028193062964
1181680740451233922
1181489296256024618
1181421580048416902
1181213351775309866
1180562835311439915
1180485914837917747
1179461344022515743
1178239364057268284
1178148251480895500
1177950967401025639
1177568312419418175
1177191127535853644
1175581779810332803
1175486486049734719
1175312158528131118
1175277523567910981
1174906387684405334
1174842201801490594
1174416904362926145
1173776040770940938
1173697827331915792
1173090888940011523
1172698581187186704
1172531746290553012
1172438759116128269
1172396841497800804
1172322106428624972
1172189781610995735
1172086265869508621
1171765224324472838
1170695299535224832
1169980810032578593
1169773819544731740
1169572065783848980
1169464227220684911
1169088536973164556
1169026490797654160
1167999317714415733
1167093977464443008
1167061392432574496
1166912438151680127
1166852722939662346
1166774357318701096
1166001816287318127
1165880290275770368
1165855809511641111
1165464249229914135
1165407179235405830
1164810380304973864
1163323971555565570
1162884266733076511
1161261061266210868
1161110319339417611
1160807203310149642
1160700769377460314
1160570719810367599
1160542195552628776
1160421892692381726
1159614957235740692
1159456261893533716
1159109033161142313
1158762188396318801
1158563998791389225
1157736695484141709
1156117403520999496
1155372011749646346
1155290351284797441
1154369917676699760
1153706604294848563
1153530969358340166
1153060721832235159
1152841302736646165
1152675134046490714
1152400384351010966
1151800852672159887
1151712300118589470
1151114421771444224
1150772222835830915
1150754502895484948
1150516465284436130
1150509599141666856
1150260928869310495
1150247821535100960
1149484096867815455
1149156519124946984
1148984095297245244
1148441219102429244
1147936856135192647
1147313706875760680
1147302371551096932
1147059123918225409
1146382749914124320
1146329424808116304
1144882724348362822
1144754079705354350
1144560567726645318
1144305033198981120
1143483542391754752
1142316980800585728
1142137030764134491
1140276556137250866
1140262073243283566
1140087974705508413
1139900718443143262
1139690045415108649
1137367331404783746
1136095546117992538
1135923666312511528
1135610135604121700
1134610118856679454
1134544418632912907
1134390148050731039
1134155006786949280
1133791295312244796
1132739611098091591
1132394661097525379
1131999924855263362
1131786386257752105
1131333710466256896
1130375995950628864
1128672588537802813
1128452598496776222
1128272318876090398
1128016077570449511
1127686672398684191
1127617977332797460
1127305309430489199
1126832577844621332
1126737442280575129
1126598383243645042
1125673827226103878
1125366153326379090
1125055326874501191
1124761017038160033
1124049926054236332
1123579386264825889
1123511015234097192
1123285818669289563
1123171425558216764
1123143790312562773
1122951900241858693
1122201710882988083
1121844638534336532
1121539264564449300
1120961854005583883
1119973170431139890
1119914036943933510
1118811559725113348
1117551523614957740
1117083070894461049
1116355503732314182
1116293580152127548
1115297226789502986
1114007438161612833
1113704666291765278
1113125954148122695
1113089705223913492
1112607558717411358
1112054909706186913
1111973392099319868
1111969146054389790
1111335570073997484
1111015152079360132
1110420451114618980
1110213759147978843
1109836827118030918
1109553842279956520
1106958218560798851
1105504045579370496
1103780544384356432
1102738674703155374
1102646549567262821
1101818742444412969
1100271068054302790
1099577595273678951
1099319235014037534
1098596527670304818
1098583742513156137
1098263655121952900
1097900453368442970
1097534579600011315
1096964921591349362
1096845248791064586
1096787287850897448
1096231943353409576
1095377206416511007
1095221407857790976
1095000276882178079
1094893276332556359
1094871794906841108
1093536251983962173
1093316753322414140
1093158976608280617
1092832582376378532
1091656685317271614
1091391857646391417
1091332717788024942
1090852020333858877
1090714525789061233
1090289967437201562
1090273147590299668
1090116235632595004
1088763237874532352
1088602109840195584
1087794198469685319
1087006002823561328
1086905072434294894
1086511647306297344
1084941016743817407
1084793586878513172
1084480701627379803
1083047435640770570
1082919249753952367
1082180394897653841
1081946984203686033
1081806153341743144
1081592073817428040
1080955383834755085
1080851756193427547
1079772920584355890
1079731453576884327
1079714072989270026
1079311277010198569
1078658356568412212
1078591166926311484
1076000580620783659
1075769629219242015
1075345369493405748
1072345211533017129
1072227344753889280
1070807909816086569
1070744673817219243
1070130461852061746
1069959223661821952
1068864330491232326
1068809171744587829
1068258286794702878
1067552839880167526
1067429551954743397
1067132870856028231
1066394246153769174
1066307181797978156
1066199902113255514
1064445660293759036
1063753318612095006
1063357200816422964
1063298917703368856
1062934343359680652
1062907158406107266
1061959357933305896
1061555362886598666
1061027135873089626
1060734697547771924
1060352032382398554
1059963171210801202
1059547801668825200
1059456311366004757
1059389458505539633
1058998169955999796
1058829977283461221
1058797573588136057
1058738620657311844
1058398147862335508
1058346679658623007
1057906833022529617
1057904774290341939
1057308687716327434
1057273323496677477
1057197947835658251
1056681102506471444
1056652424833671239
1055790279237566504
1055445406915498044
1055116029606494218
1054718280893472778
1054458343466467420
1053987916633886810
1053592195439017984
1052940500119859282
1051163770036162580
1050878905977946192
1050734839072043059
1050694530229358612
1050393792596938803
1050127520109961256
1050086579839975538
1049945631327797268
1048475994203361352
1048461094110380032
1047576080753631253
1047436923330891879
1046830343501656134
1046580810817470526
1045346401795719198
1045083782631403522
1044957727270641725
1042833454271836212
1041732119866642452
1041560206473187369
1040612256389537802
1040538439319306300
1040055336813461626
1039441582128119819
1038739337065533571
1038446876690759730
1037562114627350648
1037347823060000899
1037319761001975899
1034707372062548028
1034528397294047395
1034299201661702144
1032586803854716989
1032017161767637042
1031423025775640617
1030838847191384094
1030685087613865984
1030159714077651045
1029684716091228171
1027031393743671346
1026072942951534672
1025876316299472926
1025761537786392607
1025328076340592691
1025192497569349732
1025009099731107870
1024990197890416711
1024764114091909231
1024343732927090779
1024166195236192267
1024162983791820892
1023116508735471617
1022823033058115696
1022818169909424181
1022209719328329808
1021830278517358642
1021746402944090152
1020420088375021577
1020223166645284905
1019689244576464997
1019433728608583871
1019273694306115584
1019160178114953256
1018420728854487112
1018296613254463518
1017841117007454339
1017432120739774474
1017317668463849492
1015346110396637225
1014109304304979978
1013883574308577320
1013384798099734548
1013084406279311491
1013053981699874816
1012960359080017993
1010805541754372166
1010355719301767239
1009741907955552256
1009238815543664712
1008371890823364608
1008300301800984647
1007872025005658132
1007786298267943022
1007467820575117412
1007255983854207006
1007127770339479615
1005919625147592884
1005428063221325904
1005013993741627432
1004522306183372851
1004519674471526410
1004434105821315163
1003784857421353030
1003653285686820975
1003047307828281416
1002878160628621334
1002859883097509940
1002784442571575327
1001808347714031646
1000524153633378405
1000460373381619775
998489132550602773
998423894434258974
997868336362815579
997515274746069212
996376985024598077
996019995878371378
995839884898078720
995598640347369552
995363858136956928
995342940824158350
993863020180668467
993446738880901130
992797154651410562
991719973208727674
991654324608438293
990291913435381791
990247952704491561
989874721808085062
987607550830714891
986540562704367666
986180959890178088
985792159221444669
985535096197107782
985132448818012190
985058662471053362
984704474650120202
984318741519171605
984139739269582919
984121572421935165
1463418251752116249
1463417261472743509
1463302375547736064
1463260964597141696
1463223204431794248
1463180927583916146
1463175258717552793
1463171743937204405
1463170281785917476
1463166450628821157
1463163961087103101
1462960032730583100
1462897418143011057
1462819565015797823
1462747154383900676
1462734462528786468
1462713909470302381
1462712512649756893
1462639415158640784
1462505879353164108
1462475318785867848
1462387492291477548
1462365133853556748
1462363668615532606
1462354060236820602
1462299187545636951
1462298875023986927
1462190389552218375
1462190028984811594
1462107342316241179
1462025368906108961
1462020673995149408
1461897970105712864
1461877739819765977
1461873043977539776
1461805497899421736
1461787943558578328
1461774834735517807
1461682991863697484
1461653484649844879
1461633059588800748
1461631225071534102
1461610422284058725
1461598075092209826
1461584888275800158
1461557824990482565
1461424486006919251
1461389572440064131
1461352171416064082
1461321400131518560
1461308453673898095
1461231928018473014
1461224921484230708
1461191898310901843
1461149459046989877
1461106170402963610
1461105300164575319
1461055536597303439
1461028059783237867
1460998592381718640
1460995327598399639
1460990467226341437
1460955080445530232
1460895683014955039
1460825315948499065
1460794028537942206
1460766181429612722
1460666594694008873
1460666152857374871
1460600667415511114
1460588167437615307
1460571539761004687
1460554384730493043
1460550669793628171
1460544600522621071
1460525172699431006
1460522369708720261
1460509265377890446
1460417970856661057
1460336921892098130
1460330433442091028
1460325572902387906
1460323242228322325
1460277072953086029
1460258648340299920
1460255910957158463
1460229056443191442
1460164525461340180
1460164506687901840
1460139298438381568
1460138602532176016
1460137594338939024
1460112174025281709
1460031304488980540
1459960931109961880
1459954994496274554
1459928789923397635
1459904703394480268
1459801635336228906
1459780377030688926
1459719678665687054
1459578238123638946
1459549469325525199
1459494041778389014
1459476543595347979
1459374245753913459
1459252966191272136
1459229289177415694
1459193020011516136
1459169283987869792
1459153217643483166
1459125863760269385
1459114278144573513
1459038345031061534
1459016816595828756
1459010394411503810
1458971325379903616
1458954440047333525
1458894471898075159
1458885308572631065
1458810606777012297
1458789612343525483
1458724675302719571
1458688734060089378
1458667467219009721
1458661045412429957
1458610956757237993
1458600020701085871
1458564163390537919
1458564106348003530
1458550046915170460
1458541203070128360
1458502635232563405
1458478038781132970
1458466369765904527
1458460480162238565
1458441285982752994
1458248039239123192
1458193255597342803
1458073427679117548
1458071281327931392
1458067303907459266
1458064122330742798
1458061993679523898
1458049327631962134
1458042981343957074
1458019253272973323
1458013654086586391
1458008505972817920
1457926805058228337
1457772774864060417
1457764272212934737
1457737282122420351
1457727478322958490
1457686468972646465
1457604611820224622
1457565119771967498
1457325774963998770
1457296312159703112
1457252972840095754
1457248741609181245
1457152053108539446
1457012008544374935
1456968749813989398
1456847706671812698
1456745581094633656
1456714029157322883
1456675215374418004
1456621764984438841
1456558008749260894
1456329858136277128
1456311145848635412
1456203395588292661
1456181058428080344
1456083969769472193
1456072361861320724
1456044019665735837
1455967968281493680
1455958055085936641
1455915952649797677
1455911855762571304
1455886651149516831
1455861674161737795
1455654669626900560
1455617330255237342
1455616386608140484
1455568350011854931
1455486332657864814
1455457587570020509
1455406613895843901
1455384343584440585
1455371434892464389
1455357256622411819
1455258338240757877
1455233570632237373
1455232786993778722
1455221148097712140
1455216324220551263
1455011741200154728
1454995424594366730
1454892386508476517
1454826534270533798
1454780537565741192
1454735242693836851
1454683604604158117
1454648338002477056
1454612838126715143
1454493380771057734
1454472661764804811
1454297465649102942
1454252552509063309
1454245214045605982
1454231793954984078
1454217948704014570
1454184800524046440
1454177511998095473
1454100373756444703
1454047552730042368
1453931349835513919
1453909316900753478
1453800235485888555
1453790010322194528
1453556272157687818
1453304635082149931
1453184773043388542
1453100805681971247
1452931575938289735
1452851220065816753
1452805075897680077
1452780665165578240
1452717037292880014
1452685543724023959
1452538937133236275
1452532870298996786
1452445150310699011
1452357050469322906
1452068473281974449
1451859914204119045
1451743063423717607
1451680195567292628
1451616492167757965
1451598431343607868
1451566756954112031
1451538407988789451
1451316084388139222
1451296592278589504
1451270003788742711
1451253532618653886
1451224530596139219
1451177611760762987
1451084067888959561
1450762732105240686
1450711913829896212
1450694847727145031
1450507193555091597
1450486555880984596
1450477929032323225
1450430357362053190
1450378482906435595
1450348020762673299
1450335354971488327
1450325737742794846
1450313437803708426
1450284407788146851
1450255248953315410
1450120996563718168
1449986636900470844
1449976860384694282
1449937602953347226
1449928778569748604
1449897296740356267
1449866936942072050
1449692632098803783
1449660797130113127
1449652819497058375
1449637456566816932
1449563251301154846
1449425759037821166
1449374141747564737
1449226181600739377
1449099681560002571
1449057327607972023
1449043031750606918
1449041529569284176
1448896606534631617
1448882307116040233
1448809385689354261
1448699871178653788
1448611665372516515
1448449502406250586
1448314145475788955
1447953703612186786
1447887246207357074
1447843158212870227
1447712790143041688
1447701039024177277
1447642251953176586
1447507606347448410
1447438460511059980
1447308264432992416
1447287856476192768
1447260283360903340
1447164167373983746
1447066281672052769
1446850260847562959
1446838578020876308
1446733240818729033
1446681932397154456
1446541159823446310
1446540393520041984
1446521502445862992
1446514000069263611
1446487082838265991
1446472862234841089
1446467207155421215
1446416072751321128
1446273605859016778
1446212198455181373
1446059812726243369
1446041663376986193
1446018622253437041
1446010186169847868
1446000766304387233
1445954032517517413
1445928492146495525
1445903747808231556
1445826868082380911
1445809214470619147
1445809091321532684
1445773281331384394
1445748579871490174
1445737741621919814
1445731067809103893
1445666240432443498
1445664733012299786
1445651901256437761
1445626346133782681
1445558641943117827
1445533184543555826
1445524374328180849
1445424833373667441
1445291479244472392
1445222347098423428
1445204957338013846
1445195349630259222
1445083239470334026
1445067039235637298
1445046665479454732
1445045867261464597
1445038398375989269
1445011625605070869
1445000464189096010
1444928442377441470
1444847478057996510
1444591388091224168
1444544722763776020
1444358331996307630
1444327848218202145
1444153106429640725
1444044377088327800
1444025150172561408
1443970216630419529
1443937056270319728
1443889186531967087
1443613714677764197
1443595529656205413
1443574530915303477
1443523302776901722
1443515356449734718
1443514988105826499
1443404371827228820
1443385427091525655
1443300025655627776
1443264808232419470
1443243533204062529
1443155834962968697
1443105457236344973
1443090217920757923
1442970952748236810
1442959789629116599
1442915429994463334
1442731866598801559
1442626711580704828
1442606871365157020
1442513243754201301
1442507962542329916
1442458409990623423
1442434304348127313
1442423265287999579
1442292587208900628
1442270705789046834
1442248239263908066
1442222421573898403
1442165720933990411
1442146933719437554
1442003475746525245
1441992977613455534
1441956028471185429
1441874179246002358
1441869209662394501
1441853628217561119
1441806105016533105
1441703429708714004
1441581005549862912
1441539629047349309
1441361564593684511
1441208583722106941
1441163319644917860
1441127354096160969
1441112160942952538
1440882328304881704
1440748599914008656
1440586868671643690
1440572004481761351
1440161126737379470
1440118820760195072
1440110350522646630
1439973213797875813
1439950075366477936
1439886087206998067
1439717498298568947
1439714225198072140
1439704908273029232
1439698230756511795
1439616289202114580
1439610004482293831
1439564087515283508
1439327156030144605
1439277228478173294
1439228908666097675
1439226961825370163
1439098141923344444
1439051715491135669
1439043316296712203
1438942756511678790
1438867860373115045
1438558115485192272
1438184304625717418
1438118832802631740
1438093745030434857
1437810726784729110
1437680094998040596
1437514795250221076
1437376380219166720
1437217981422764033
1437027482082607105
1436961784807559218
1436179087251996834
1436124086723149976
1435965954977693808
1435923912054538261
1435898874182238209
1435871333417488465
1435703945447084175
1435690408523862059
1435637511958564864
1435488693078200330
1435451957312622622
1435108662749433886
1435038887817773069
1435026854385025085
1435017274082857102
1434520556060803302
1434461996648239209
1434375544471945360
1434256661966753849
1434140495994556436
1433906989024673813
1433859418373492940
1433852451722756351
1433779950762065926
1433779946802909255
1433718778474135643
1433708177974886452
1433495709633482924
1433487023615905816
1433478620189294722
1433433162167615550
1433100940973445152
1433032901032804402
1432862554635374602
1432729851445645397
1432565497236291750
1432565443889074269
1432418372896690277
1432387509622669366
1432318778687098961
1432060871735250954
1432013836088770735
1431982780178235403
1431873256847052856
1431794076788723763
1431670653278359593
1431545757466361876
1431514278929895444
1431479740405121060
1431464459477586091
1431412947837648916
1431158740664582211
1430887926023065692
1430812881284239473
1430459223573139503
1430079889503027260
1429935736085414058
1429829065833058405
1429537904077701185
1429468171005460632
1429425925837160468
1429219746678575178
1429123722278731837
1429120448368738327
1429001527296786513
1428924540414857367
1428632028194017310
1428573572888002673
1428163960766599188
1428096665205735536
1428079493498536036
1427930945826328585
1427642721987989508
1427580204884426802
1427512823172300942
1427322275685859478
1427273428469157968
1427237292317343744
1427165339212578846
1427130195411730492
1427040126072262707
1426994058093395990
1426583245306331246
1426563641641144370
1426284560651522109
1426056493723025468
1425834302603526207
1425547131674034348
1425133775565623399
1425063818219753535
1424877876347404320
1424791287671951604
1424766004747046912
1424682630733103104
1424673485585649684
1424583352568254616
1424015118248968294
1423735881143029873
1423328833578467479
1423301972152549487
1423297312641257563
1423287640253399100
1423060697528533113
1422955148652576892
1422599263401021521
1422503211847385088
1422469370810073151
1422423451020562503
1422371250864525342
1422235770869256303
1422140550919749676
1422120652420288614
1422041362454286408
1422036351876075581
1421723906317750302
1421630343357661264
1421444932325085266
1421225216381816862
1420462050659799150
1420312364166676502
1420006897184149534
1419813843781156929
1419663383539486834
1419643812720017461
1419626490290769954
1418998500120858765
1418620914341384253
1418504415643697238
1418490280889421956
1418443940084060230
1418398428534145045
1418275436747821137
1418233953621377087
1417872833891143911
1417854797368791168
1417429210833752064
1416700287846056048
1416648401109651526
1416640201236807780
1416577760503009410
1416372197626482792
1416367021297500243
1416036370429776024
1415700051270828102
1415676440506142731
1414568358086443073
1414540013823332423
1414522823950598235
1414260870481182800
1414150858408595509
1413610002723373086
1413550641292509234
1413298166186643506
1413205440111841311
1413179665434148897
1413171878083694767
1412996757578580011
1412916135052972103
1412886675797053552
1412784818781028493
1412743281141485578
1412334788039413811
1412173442043871232
1412014203325382699
1411937359070498898
1411479694104203278
1411436737489539124
1411373527751196765
1411084363956879502
1410771580841361469
1410643823952138301
1410537703103139860
1410485633268453427
1410268997546676337
1410256764938485790
1410253022088396933
1410232829547118713
1409791772569112588
1409758400585269339
1409505820193853604
1409460955976437791
1409262924991697058
1409245822586982493
1409148467447861309
1408887051717181520
1408885976574595203
1408759266235519008
1408549774579335238
1408489108824789022
1408429166734348428
1408133923468218461
1408091903668260995
1407927012605169706
1407905853666758716
1407322022257885274
1407216381656830076
1407109996197580880
1406756805027037285
1406531338718412921
1406369511548125186
1406297452528664756
1406274148505878561
1406262176494129152
1406132283420704913
1406079948455673907
1405654509065212028
1405474515747737652
1405060242835767398
1404878746271350874
1404674546648486009
1404614976827691018
1404483151769767998
1404134436697538690
1403973838491877437
1403807007328436277
1403650537286664244
1403610096621326336
1403514185299660942
1403062313677881344
1402635674460622910
1402169289791770674
1401981754038026423
1401768826848149566
1401634332350611498
1401613255574552728
1401167433905082419
1400543569395060746
1400408362486861916
1400228078822621396
1400192361455157439
1399984897912864840
1399775760444690564
1399767606780760095
1399535080694743183
1399340188773257376
1399081251734028420
1398955963934965864
1398887280659136644
1398694609378607125
1398682482026745948
1398436628556681236
1398211647272779836
1398103208806846535
1397924711819907256
1397692913319940196
1397640863550668840
1397584054207119444
1397548052948193351
1397537422643957794
1397535263957455042
1397324958820073532
1397211709017559242
1396990440284098692
1396808497403793568
1396693216476004563
1396458067423662160
1396048525552517231
1395885938378412116
1395189663899324416
1394567857035149353
1394377875498471554
1394347712635207713
1394242022206079078
1394037515991646319
1393956467358564415
1393901362667982888
1393260821886271528
1393103224839606272
1392888770562490468
1392823287297605683
1392762188661522504
1392686913483313214
1392519084381442191
1392299223579496569
1392030888631472200
1391689358083493908
1391631957733150842
1391483577765462107
1391110400459935888
1390681192747110400
1390675440049586268
1390580549340369057
1390532845218304103
1390183399678808139
1389989718619324528
1389805685193183253
1389574738300502119
1389552682561441823
1389207238840942664
1389163657606332497
1389159458696859791
1389090615882420367
1388974283237359668
1388951591306002502
1388833464341757972
1388727635001086055
1388510730638327810
1388428632950833192
1388356534555119697
1388318403890249771
1388225595019755751
1388189554095292507
1388038839473541130
1387913610646388867
1387876178072961054
1387850708300075119
1387758042988412978
1387743603471679578
1387191523581362228
1387071690013540364
1387062510540296252
1386910579477839996
1386637779953520693
1385949483820646462
1385825477792501873
1385809068505174108
1385750312089817109
1385705482563621044
1385278207179100161
1385262518800486432
1385243782064111678
1385109986199474196
1384921626293960946
1384768169226539182
1384644647086719077
1384543638389919980
1384375253517467729
1384278851240071299
1384251379358502933
1384096084300795954
1383809704039288872
1383803743145037849
1383645146637402193
1383453877914828901
1383306698554609817
1383230042263261214
1382929173030637629
1382652244410892349
1382388839426949312
1382340929901563998
1382267743608373258
1382227774026022912
1382145422788792431
1382055769922342933
1381981886645014628
1381672300365221932
1381651496437022921
1381505955572748369
1381432256937197741
1381310785405587517
1381298499974463489
1381153367887187988
1380991892057227324
1380966585740824657
1380868371930681385
1380779559548616765
1380587436853170176
1380573575282692166
1380513593103089737
